



















fns(  [8,13,14,15,22,23,31]  )  d4c = 15

fns(  [8,13,14,15,22,23,34]  )  d4c = 14

fns(  [3,8,11,14,22,23,30]  )  d4c = 13
fns(  [4,8,9,13,14,23,32]  )  d4c = 13
fns(  [4,8,11,13,14,25,26]  )  d4c = 13
fns(  [4,8,13,14,23,31,32]  )  d4c = 13
fns(  [8,11,13,14,22,23,34]  )  d4c = 13
fns(  [8,11,13,22,24,25,26]  )  d4c = 13
fns(  [8,13,14,15,19,22,24]  )  d4c = 13
fns(  [8,13,14,15,22,25,33]  )  d4c = 13
fns(  [8,13,14,22,25,26,29]  )  d4c = 13
fns(  [8,13,14,22,25,26,34]  )  d4c = 13
fns(  [8,13,14,19,22,30,32]  )  d4c = 13